1.457005e-001 1.913489e-002 2.862035e-001 2.391238e-001 5.724071e-001 1.348323e-001 0 9.920168e-002 1.220270e+001 
9.178289e-002 8.044165e-003 2.376902e-001 2.124928e-001 4.753805e-001 1.084614e-001 0 7.291744e-002 9.685149e+000 
3.829402e-002 1.830273e-003 1.569926e-001 1.736256e-001 3.139852e-001 7.299920e-002 0 8.969013e-002 6.255916e+000 
1.950048e-001 2.189665e-002 3.245461e-001 2.763477e-001 6.490923e-001 1.568063e-001 0 1.105640e-001 1.411718e+001 
1.486506e-001 1.799739e-002 2.631172e-001 2.370737e-001 5.262344e-001 1.363217e-001 0 8.946456e-002 1.232562e+001 
3.553568e-002 2.426349e-003 1.557182e-001 1.716248e-001 3.114364e-001 7.335856e-002 0 6.862944e-002 6.026397e+000 
1.298893e-001 9.950767e-003 2.848586e-001 2.603844e-001 5.697172e-001 1.317144e-001 0 9.729917e-002 1.152158e+001 
1.212220e-001 1.815068e-002 2.399291e-001 2.039962e-001 4.798582e-001 1.235600e-001 0 9.458403e-002 1.113054e+001 
8.430937e-002 7.295421e-003 2.256733e-001 2.116476e-001 4.513465e-001 1.041636e-001 0 7.467074e-002 9.282466e+000 
2.054241e-001 2.608520e-002 3.405884e-001 2.802884e-001 6.811767e-001 1.605899e-001 0 1.160088e-001 1.448942e+001 
4.832391e-002 2.489969e-003 1.789616e-001 1.872505e-001 3.579233e-001 8.032077e-002 0 6.051942e-002 7.027591e+000 
1.201888e-001 1.306721e-002 2.608088e-001 2.287282e-001 5.216176e-001 1.232705e-001 0 7.542944e-002 1.108300e+001 
1.621868e-001 2.320030e-002 2.922385e-001 2.496991e-001 5.844769e-001 1.414384e-001 0 7.840900e-002 1.287459e+001 
4.952450e-002 4.549303e-003 1.699584e-001 1.640800e-001 3.399169e-001 8.078455e-002 0 6.986865e-002 7.114355e+000 
1.072309e-001 3.081618e-002 2.558709e-001 2.267322e-001 5.117418e-001 1.359976e-001 0 1.147323e-001 1.046852e+001 
7.361248e-002 1.581427e-002 2.250858e-001 2.154849e-001 4.501716e-001 1.148685e-001 0 8.948241e-002 8.673635e+000 
4.384044e-002 6.394127e-003 1.423096e-001 1.659204e-001 2.846192e-001 8.706000e-002 0 1.274061e-001 6.693649e+000 
1.326216e-001 3.263493e-002 2.860792e-001 2.426623e-001 5.721584e-001 1.466503e-001 0 1.129425e-001 1.164213e+001 
1.144076e-001 2.976360e-002 2.485447e-001 2.259987e-001 4.970894e-001 1.389758e-001 0 9.573701e-002 1.081317e+001 
4.631350e-002 4.440395e-003 1.541886e-001 1.753805e-001 3.083773e-001 8.828186e-002 0 1.015725e-001 6.879855e+000 
7.647392e-002 1.249673e-002 2.474365e-001 2.315674e-001 4.948731e-001 1.132130e-001 0 9.990709e-002 8.840608e+000 
9.056748e-002 3.023362e-002 2.276009e-001 1.977654e-001 4.552019e-001 1.277614e-001 0 1.199599e-001 9.620809e+000 
7.046835e-002 1.565767e-002 2.148365e-001 1.995238e-001 4.296729e-001 1.123870e-001 0 8.425272e-002 8.486380e+000 
1.582235e-001 3.863217e-002 3.015235e-001 2.606366e-001 6.030470e-001 1.585268e-001 0 1.316207e-001 1.271631e+001 
4.279012e-002 5.938171e-003 1.737323e-001 1.726504e-001 3.474645e-001 8.791178e-002 0 7.367387e-002 6.612980e+000 
9.441861e-002 2.291924e-002 2.571489e-001 2.332120e-001 5.142978e-001 1.281033e-001 0 8.897145e-002 9.823229e+000 
1.326724e-001 3.614723e-002 2.958693e-001 2.680689e-001 5.917387e-001 1.495186e-001 0 9.968584e-002 1.164437e+001 
5.245359e-002 1.283871e-002 1.989561e-001 1.905312e-001 3.979122e-001 1.015080e-001 0 1.069381e-001 7.321719e+000 
4.767296e-001 1.286895e-001 5.114078e-001 5.155620e-001 1.022816e+000 2.949954e-001 0 1.913537e-001 2.207301e+001 
4.231020e-001 1.257928e-001 4.776519e-001 4.905062e-001 9.553039e-001 2.818315e-001 0 1.665885e-001 2.079448e+001 
2.932548e-001 9.313136e-002 4.224225e-001 3.983486e-001 8.448450e-001 2.425030e-001 0 1.726254e-001 1.731203e+001 
4.848151e-001 1.243792e-001 5.213204e-001 5.131004e-001 1.042641e+000 2.991943e-001 0 2.001347e-001 2.225940e+001 
4.633808e-001 1.261159e-001 4.975393e-001 4.989797e-001 9.950786e-001 2.918515e-001 0 1.802875e-001 2.176178e+001 
3.071721e-001 1.021157e-001 4.264215e-001 3.885951e-001 8.528429e-001 2.490741e-001 0 1.564172e-001 1.771807e+001 
4.419454e-001 1.228302e-001 5.041974e-001 5.147012e-001 1.008395e+000 2.908832e-001 0 1.898859e-001 2.125249e+001 
4.582309e-001 1.255677e-001 4.919896e-001 5.030879e-001 9.839791e-001 2.899012e-001 0 1.875000e-001 2.164052e+001 
4.036226e-001 1.204538e-001 4.711244e-001 4.735828e-001 9.422488e-001 2.763789e-001 0 1.654893e-001 2.031015e+001 
5.243705e-001 1.308772e-001 5.461242e-001 5.446750e-001 1.092248e+000 3.094732e-001 0 2.072097e-001 2.314966e+001 
3.268701e-001 1.066306e-001 4.250148e-001 4.155485e-001 8.500297e-001 2.537042e-001 0 1.500874e-001 1.827734e+001 
4.406923e-001 1.243835e-001 4.969606e-001 5.042295e-001 9.939211e-001 2.860606e-001 0 1.681922e-001 2.122234e+001 
4.597817e-001 1.225550e-001 5.341030e-001 5.258254e-001 1.068206e+000 2.893733e-001 0 1.717872e-001 2.167710e+001 
3.413604e-001 1.081553e-001 4.524705e-001 4.466749e-001 9.049410e-001 2.569333e-001 0 1.609952e-001 1.867807e+001 
1.698692e-002 1.531681e-003 1.116154e-001 1.146606e-001 2.232309e-001 4.309561e-002 0 3.048912e-002 4.166609e+000 
1.307868e-001 2.431443e-002 2.679655e-001 2.235851e-001 5.359311e-001 1.260317e-001 0 7.976575e-002 1.156132e+001 
1.492957e-001 3.165910e-002 2.802836e-001 2.430635e-001 5.605672e-001 1.401538e-001 0 6.674346e-002 1.235234e+001 
1.213155e-001 2.785872e-002 2.534197e-001 2.171703e-001 5.068393e-001 1.281364e-001 0 6.158704e-002 1.113483e+001 
3.243439e-002 3.971915e-003 1.312219e-001 1.215191e-001 2.624439e-001 5.837096e-002 0 4.317883e-002 5.757425e+000 
6.889225e-002 1.054151e-002 1.840751e-001 1.813728e-001 3.681503e-001 8.704680e-002 0 5.188902e-002 8.390940e+000 
2.317442e-001 2.883438e-002 3.349995e-001 3.244923e-001 6.699991e-001 1.632578e-001 0 1.065769e-001 1.538969e+001 
4.980283e-002 6.912244e-003 1.541095e-001 1.462128e-001 3.082191e-001 7.563996e-002 0 2.180579e-002 7.134318e+000 
6.946783e-002 7.624234e-003 2.011908e-001 1.906328e-001 4.023815e-001 8.714652e-002 0 4.775100e-002 8.425919e+000 
5.796494e-002 8.203815e-003 1.724265e-001 1.577359e-001 3.448530e-001 7.859061e-002 0 4.696176e-002 7.696763e+000 
4.064517e-002 3.844352e-003 1.621895e-001 1.570667e-001 3.243790e-001 6.523125e-002 0 4.365430e-002 6.445104e+000 
4.629767e-002 4.266003e-003 1.553574e-001 1.468178e-001 3.107147e-001 7.016474e-002 0 4.012423e-002 6.878679e+000 
1.488433e-001 2.901910e-002 2.706432e-001 2.408436e-001 5.412865e-001 1.381257e-001 0 7.005031e-002 1.233361e+001 
1.079823e-001 2.038019e-002 2.430331e-001 1.990309e-001 4.860662e-001 1.140461e-001 0 7.473037e-002 1.050514e+001 
1.298185e-001 2.369635e-002 2.680984e-001 2.226587e-001 5.361967e-001 1.252101e-001 0 7.918343e-002 1.151844e+001 
2.833751e-002 3.625175e-003 1.231215e-001 1.216153e-001 2.462429e-001 5.495793e-002 0 1.696418e-002 5.381537e+000 
6.331737e-002 4.963946e-003 1.889440e-001 1.929370e-001 3.778879e-001 8.231911e-002 0 4.498178e-002 8.044275e+000 
1.073286e-001 1.510775e-002 2.234068e-001 2.081953e-001 4.468137e-001 1.061060e-001 0 7.070639e-002 1.047329e+001 
1.033706e-001 3.078736e-002 2.386034e-001 2.002998e-001 4.772068e-001 1.269672e-001 0 6.755376e-002 1.027836e+001 
4.558143e-002 5.056164e-003 1.710660e-001 1.674666e-001 3.421320e-001 7.009700e-002 0 5.176416e-002 6.825264e+000 
1.360492e-001 2.507112e-002 2.696136e-001 2.375691e-001 5.392271e-001 1.286294e-001 0 6.490961e-002 1.179162e+001 
2.371331e-001 2.956432e-002 3.538082e-001 3.325696e-001 7.076164e-001 1.706844e-001 0 1.061916e-001 1.556760e+001 
7.467136e-002 1.220126e-002 1.895084e-001 1.709148e-001 3.790168e-001 9.210934e-002 0 4.625835e-002 8.735796e+000 
6.488011e-002 8.950371e-003 1.720333e-001 1.718635e-001 3.440666e-001 8.223175e-002 0 7.041137e-002 8.142940e+000 
5.099826e-002 7.609904e-003 1.751116e-001 1.558946e-001 3.502232e-001 7.586679e-002 0 4.123372e-002 7.219434e+000 
3.800725e-002 5.937508e-003 1.369512e-001 1.357966e-001 2.739025e-001 6.323304e-002 0 2.485493e-002 6.232448e+000 
7.709514e-002 6.833071e-003 2.135031e-001 2.006126e-001 4.270062e-001 8.969861e-002 0 5.052553e-002 8.876443e+000 
8.224879e-002 1.345514e-002 2.005335e-001 1.749946e-001 4.010671e-001 9.603934e-002 0 7.053751e-002 9.168329e+000 
1.597037e-001 3.419976e-002 3.023201e-001 2.613605e-001 6.046403e-001 1.471971e-001 0 7.782573e-002 1.277565e+001 
9.703092e-002 1.470396e-002 2.189500e-001 1.992482e-001 4.379000e-001 1.027290e-001 0 7.026274e-002 9.958193e+000 
7.646130e-002 9.971946e-003 1.997952e-001 1.961329e-001 3.995903e-001 9.074715e-002 0 6.004640e-002 8.839878e+000 
2.201084e-001 2.773493e-002 3.420778e-001 3.254547e-001 6.841556e-001 1.604029e-001 0 9.662421e-002 1.499836e+001 
9.504215e-002 1.532223e-002 2.226075e-001 2.008465e-001 4.452151e-001 1.019197e-001 0 6.632159e-002 9.855612e+000 
3.775568e-002 3.101585e-003 1.584791e-001 1.548546e-001 3.169581e-001 6.360050e-002 0 2.616918e-002 6.211788e+000 
8.954550e-002 1.667270e-002 1.864453e-001 1.645665e-001 3.728906e-001 1.043384e-001 0 3.942808e-002 9.566374e+000 
4.611589e-002 5.510258e-003 1.579687e-001 1.559102e-001 3.159373e-001 6.935430e-002 0 5.539022e-002 6.865161e+000 
3.357049e-002 4.622646e-003 1.500074e-001 1.395596e-001 3.000148e-001 6.075803e-002 0 4.450341e-002 5.857392e+000 
5.061684e-002 7.391353e-003 1.737121e-001 1.708345e-001 3.474242e-001 7.611470e-002 0 7.938020e-002 7.192386e+000 
1.390007e-001 2.128550e-002 2.719896e-001 2.573991e-001 5.439792e-001 1.292028e-001 0 8.193119e-002 1.191884e+001 
3.750964e-002 3.811142e-003 1.540995e-001 1.522669e-001 3.081990e-001 6.306600e-002 0 4.096037e-002 6.191514e+000 
1.386236e-001 2.832765e-002 2.649752e-001 2.366703e-001 5.299504e-001 1.339347e-001 0 6.243667e-002 1.190266e+001 
1.488568e-001 2.518339e-002 2.861377e-001 2.435254e-001 5.722754e-001 1.331909e-001 0 8.477284e-002 1.233416e+001 
5.204527e-002 7.607511e-003 1.841611e-001 1.653962e-001 3.683223e-001 7.645793e-002 0 3.816845e-002 7.293166e+000 
1.921330e-002 3.182106e-003 1.057760e-001 1.011357e-001 2.115520e-001 4.531830e-002 0 2.812008e-002 4.431252e+000 
1.477272e-001 3.130207e-002 2.889357e-001 2.461478e-001 5.778713e-001 1.406436e-001 0 7.399390e-002 1.228728e+001 
3.251246e-002 5.096885e-003 1.553380e-001 1.481045e-001 3.106760e-001 6.682494e-002 0 2.062734e-002 5.764350e+000 
1.166727e-001 1.846555e-002 2.425063e-001 2.283584e-001 4.850127e-001 1.167085e-001 0 7.587869e-002 1.091968e+001 
1.011192e-002 7.320535e-004 8.809385e-002 9.994827e-002 1.761877e-001 3.281149e-002 0 1.749418e-002 3.214713e+000 
5.217027e-002 5.554182e-003 1.715864e-001 1.581068e-001 3.431729e-001 7.492392e-002 0 6.561344e-002 7.301919e+000 
3.458219e-002 4.163149e-003 1.391054e-001 1.460662e-001 2.782109e-001 6.043671e-002 0 4.816495e-002 5.944998e+000 
1.759543e-002 1.465272e-003 1.119340e-001 1.235731e-001 2.238680e-001 4.362215e-002 0 4.210113e-002 4.240582e+000 
1.715926e-001 2.918550e-002 2.997829e-001 2.723485e-001 5.995658e-001 1.443354e-001 0 8.788500e-002 1.324264e+001 
1.287879e-002 9.740895e-004 1.010958e-001 1.047522e-001 2.021916e-001 3.767175e-002 0 2.221965e-002 3.627964e+000 
1.514572e-001 3.328365e-002 2.949231e-001 2.564831e-001 5.898463e-001 1.451622e-001 0 7.077556e-002 1.244144e+001 
1.422530e-001 2.717689e-002 2.734162e-001 2.461070e-001 5.468325e-001 1.322090e-001 0 6.669206e-002 1.205747e+001 
8.965095e-002 2.015480e-002 2.300274e-001 1.954428e-001 4.600548e-001 1.160886e-001 0 6.735037e-002 9.572005e+000 
1.316820e-001 2.946587e-002 2.666764e-001 2.296075e-001 5.333528e-001 1.339716e-001 0 6.268323e-002 1.160082e+001 
1.323247e-001 2.888706e-002 2.603543e-001 2.272845e-001 5.207085e-001 1.311626e-001 0 6.921309e-002 1.162909e+001 
4.069899e-002 4.071966e-003 1.694691e-001 1.706179e-001 3.389383e-001 6.673210e-002 0 5.836159e-002 6.449370e+000 
3.992568e-001 4.536011e-002 4.504398e-001 4.008847e-001 9.008796e-001 2.137145e-001 0 1.342773e-001 2.020001e+001 
4.231599e-002 7.625911e-003 1.414251e-001 1.233165e-001 2.828501e-001 6.888259e-002 0 3.740355e-002 6.576240e+000 
2.311854e-001 3.142871e-002 3.682975e-001 3.385856e-001 7.365951e-001 1.653524e-001 0 1.133510e-001 1.537112e+001 
1.503120e-001 2.302995e-002 2.775019e-001 2.558178e-001 5.550038e-001 1.306876e-001 0 7.769669e-002 1.239431e+001 
2.639597e-002 1.549549e-003 1.367251e-001 1.463487e-001 2.734502e-001 5.307804e-002 0 4.354358e-002 5.193908e+000 
1.471117e-001 2.996137e-002 2.800456e-001 2.429677e-001 5.600912e-001 1.376730e-001 0 6.846196e-002 1.226165e+001 
2.767306e-002 2.531755e-003 1.410395e-001 1.449599e-001 2.820789e-001 5.429870e-002 0 5.361518e-002 5.318070e+000 
2.015390e-001 2.812361e-002 3.414998e-001 3.162787e-001 6.829997e-001 1.559412e-001 0 9.164618e-002 1.435175e+001 
1.557344e-001 1.543441e-002 2.703813e-001 2.544685e-001 5.407627e-001 1.272678e-001 0 7.304658e-002 1.261589e+001 
4.860409e-001 6.609250e-002 5.037497e-001 5.225640e-001 1.007499e+000 2.923064e-001 0 2.040432e-001 2.228753e+001 
2.059626e-001 2.943058e-002 3.453281e-001 3.119140e-001 6.906562e-001 1.589820e-001 0 9.154147e-002 1.450840e+001 
2.063404e-001 3.067095e-002 3.401319e-001 3.152858e-001 6.802639e-001 1.589080e-001 0 9.630801e-002 1.452170e+001 
2.023466e-001 2.842801e-002 3.552017e-001 3.218563e-001 7.104034e-001 1.573055e-001 0 8.949018e-002 1.438048e+001 
7.712079e-002 1.377982e-002 1.943394e-001 1.794548e-001 3.886788e-001 9.534669e-002 0 4.924372e-002 8.877919e+000 
2.359037e-001 2.850816e-002 3.351604e-001 3.237968e-001 6.703208e-001 1.659558e-001 0 9.908754e-002 1.552719e+001 
1.749851e-002 1.996189e-003 1.050673e-001 1.135473e-001 2.101347e-001 4.331971e-002 0 2.090846e-002 4.228886e+000 
1.446885e-001 2.983388e-002 2.762717e-001 2.371909e-001 5.525434e-001 1.369787e-001 0 6.498840e-002 1.216025e+001 
6.387509e-002 7.946416e-003 1.922140e-001 1.747648e-001 3.844280e-001 8.246710e-002 0 3.867794e-002 8.079625e+000 
1.860547e-001 2.636178e-002 3.248100e-001 2.918644e-001 6.496200e-001 1.484467e-001 0 8.881425e-002 1.378941e+001 
1.607947e-001 5.516720e-002 2.688272e-001 2.519827e-001 5.376543e-001 1.691512e-001 0 7.400083e-002 1.281921e+001 
1.428919e-001 3.210270e-002 2.842022e-001 2.419068e-001 5.684045e-001 1.392171e-001 0 7.621697e-002 1.208452e+001 
1.745946e-001 2.772149e-002 3.128701e-001 2.784803e-001 6.257403e-001 1.462582e-001 0 8.264633e-002 1.335798e+001 
1.404758e-001 2.697560e-002 2.668187e-001 2.422727e-001 5.336374e-001 1.311517e-001 0 6.767274e-002 1.198191e+001 
5.389277e-001 8.625512e-002 5.700615e-001 5.094532e-001 1.140123e+000 2.933720e-001 0 2.389484e-001 2.346879e+001 
2.818357e-001 3.132021e-002 3.895236e-001 3.734213e-001 7.790472e-001 1.765127e-001 0 1.097412e-001 1.697163e+001 
8.317615e-002 7.092432e-003 2.171666e-001 2.069749e-001 4.343331e-001 9.269837e-002 0 5.313073e-002 9.219871e+000 
1.599110e-001 3.665440e-002 3.102121e-001 2.647133e-001 6.204243e-001 1.480781e-001 0 8.011515e-002 1.278394e+001 
9.075799e-002 1.346407e-002 2.121040e-001 1.886716e-001 4.242081e-001 9.967754e-002 0 5.739570e-002 9.630922e+000 
4.558590e-002 7.139526e-003 1.686035e-001 1.462757e-001 3.372071e-001 7.123118e-002 0 4.628421e-002 6.825598e+000 
5.532680e-002 6.274158e-003 1.712142e-001 1.682299e-001 3.424284e-001 7.593715e-002 0 6.153874e-002 7.519574e+000 
2.370590e-001 2.970626e-002 3.386348e-001 3.439038e-001 6.772695e-001 1.626959e-001 0 1.062098e-001 1.556516e+001 
2.476542e-002 2.931687e-003 1.303412e-001 1.413333e-001 2.606824e-001 5.353986e-002 0 4.210833e-002 5.030930e+000 
4.907624e-002 7.403690e-003 1.697582e-001 1.537015e-001 3.395164e-001 7.368726e-002 0 4.262572e-002 7.082084e+000 
1.459590e-001 3.199867e-002 2.856415e-001 2.427344e-001 5.712831e-001 1.413163e-001 0 6.803405e-002 1.221352e+001 
6.209507e-002 1.136471e-002 1.805881e-001 1.600877e-001 3.611762e-001 8.472765e-002 0 5.058898e-002 7.966252e+000 
1.041242e-001 1.739274e-002 2.369085e-001 2.166139e-001 4.738171e-001 1.114109e-001 0 6.327156e-002 1.031576e+001 
1.088080e-001 1.844041e-002 2.370985e-001 2.132589e-001 4.741970e-001 1.145707e-001 0 7.012366e-002 1.054522e+001 
1.580595e-002 1.735923e-003 1.058934e-001 1.108411e-001 2.117868e-001 4.111607e-002 0 2.227123e-002 4.019165e+000 
4.190633e-002 4.499056e-003 1.652672e-001 1.623022e-001 3.305344e-001 6.664918e-002 0 4.896021e-002 6.544331e+000 
6.893532e-002 9.129976e-003 1.932620e-001 1.728891e-001 3.865241e-001 8.567476e-002 0 4.770279e-002 8.393563e+000 
1.464772e-001 5.410896e-002 2.579269e-001 2.337015e-001 5.158538e-001 1.638539e-001 0 7.471898e-002 1.223518e+001 
7.447149e-002 2.814631e-002 2.177224e-001 2.097590e-001 4.354448e-001 1.226332e-001 0 9.632159e-002 8.724097e+000 
2.577543e-002 6.566510e-003 1.490901e-001 1.605345e-001 2.981803e-001 7.332911e-002 0 7.646443e-002 5.132493e+000 
2.384424e-002 4.100519e-003 1.326191e-001 1.529797e-001 2.652383e-001 6.665497e-002 0 9.157252e-002 4.936478e+000 
1.433861e-002 2.955101e-003 9.994429e-002 1.145906e-001 1.998886e-001 5.368867e-002 0 7.142231e-002 3.828062e+000 
9.078132e-002 2.830593e-002 2.344086e-001 2.162523e-001 4.688171e-001 1.291300e-001 0 6.903387e-002 9.632160e+000 
3.509936e-002 1.381117e-002 1.688473e-001 1.699221e-001 3.376947e-001 8.972061e-002 0 9.471091e-002 5.989286e+000 
9.599441e-002 2.562776e-002 2.251110e-001 2.364028e-001 4.502220e-001 1.267280e-001 0 1.446647e-001 9.904862e+000 
2.017136e-001 4.867177e-002 3.286848e-001 2.837103e-001 6.573697e-001 1.768333e-001 0 1.018963e-001 1.435797e+001 
1.746566e-001 4.306157e-002 3.094077e-001 2.740749e-001 6.188155e-001 1.656985e-001 0 1.172510e-001 1.336035e+001 
3.016816e-002 1.590569e-002 1.664510e-001 1.631742e-001 3.329020e-001 8.947452e-002 0 1.092564e-001 5.552645e+000 
3.952248e-002 2.226429e-002 1.682017e-001 1.771661e-001 3.364034e-001 1.000725e-001 0 9.053851e-002 6.355468e+000 
4.262971e-002 2.197954e-002 1.618818e-001 1.604799e-001 3.237635e-001 9.870446e-002 0 1.155632e-001 6.600573e+000 
2.769136e-002 6.076977e-003 1.217649e-001 1.521519e-001 2.435297e-001 7.209445e-002 0 9.576226e-002 5.319828e+000 
3.015001e-002 7.797351e-003 1.631173e-001 1.666769e-001 3.262346e-001 7.850647e-002 0 7.368754e-002 5.550974e+000 
3.260820e-002 7.755901e-003 1.644983e-001 1.677098e-001 3.289967e-001 8.030182e-002 0 7.661135e-002 5.772831e+000 
1.571231e-001 4.531991e-002 2.755170e-001 2.504110e-001 5.510341e-001 1.586666e-001 0 1.018696e-001 1.267201e+001 
1.542940e-001 3.762351e-002 3.116178e-001 2.831361e-001 6.232357e-001 1.573546e-001 0 1.227820e-001 1.255741e+001 
3.829757e-002 1.659916e-002 1.906414e-001 1.765519e-001 3.812829e-001 9.761837e-002 0 1.259604e-001 6.256206e+000 
2.235322e-002 2.475849e-003 1.284073e-001 1.338570e-001 2.568146e-001 6.181237e-002 0 4.824941e-002 4.779643e+000 
3.190720e-002 1.669369e-002 1.601956e-001 1.535997e-001 3.203912e-001 8.933963e-002 0 6.053270e-002 5.710443e+000 
2.271215e-002 5.268320e-003 1.423227e-001 1.789939e-001 2.846455e-001 6.996285e-002 0 9.089325e-002 4.817864e+000 
1.202184e-001 3.209833e-002 2.416730e-001 2.269077e-001 4.833459e-001 1.394119e-001 0 1.209098e-001 1.108437e+001 
2.405465e-002 1.132643e-002 1.421823e-001 1.351621e-001 2.843646e-001 7.758705e-002 0 1.084138e-001 4.958210e+000 
6.446760e-002 2.155766e-002 2.398284e-001 2.194198e-001 4.796569e-001 1.152460e-001 0 1.019633e-001 8.117012e+000 
5.084863e-002 1.567478e-002 1.939046e-001 1.911236e-001 3.878091e-001 9.979064e-002 0 1.005971e-001 7.208835e+000 
1.917400e-001 5.489526e-002 3.075694e-001 2.756129e-001 6.151388e-001 1.729976e-001 0 1.083510e-001 1.399851e+001 
1.892527e-001 4.630613e-002 3.465030e-001 3.077416e-001 6.930059e-001 1.721641e-001 0 1.268555e-001 1.390742e+001 
5.098774e-002 1.370628e-002 1.997084e-001 1.919697e-001 3.994168e-001 9.991891e-002 0 6.170405e-002 7.218689e+000 
2.331181e-002 3.840865e-003 1.105694e-001 1.361697e-001 2.211389e-001 6.470506e-002 0 6.525782e-002 4.881052e+000 
4.312606e-002 1.590119e-002 1.864820e-001 1.705172e-001 3.729641e-001 9.662063e-002 0 1.054584e-001 6.638888e+000 
7.428711e-002 2.291582e-002 2.170842e-001 1.939419e-001 4.341684e-001 1.174064e-001 0 1.169077e-001 8.713290e+000 
8.130856e-002 2.179229e-002 2.037074e-001 2.081101e-001 4.074148e-001 1.175141e-001 0 1.128792e-001 9.115775e+000 
2.834619e-002 9.891287e-003 1.878539e-001 1.890534e-001 3.757078e-001 8.487626e-002 0 9.875255e-002 5.382361e+000 
1.512807e-001 3.833241e-002 3.030832e-001 2.813201e-001 6.061664e-001 1.560242e-001 0 9.859456e-002 1.243418e+001 
2.826784e-001 7.054177e-002 3.574139e-001 3.059093e-001 7.148278e-001 2.085744e-001 0 1.067518e-001 1.699698e+001 
8.106586e-002 2.770509e-002 2.528885e-001 2.316267e-001 5.057770e-001 1.260303e-001 0 1.199469e-001 9.102160e+000 
3.807446e-002 1.429369e-002 1.725716e-001 1.750259e-001 3.451432e-001 9.234167e-002 0 6.572485e-002 6.237956e+000 
1.179454e-001 4.379675e-002 2.828694e-001 2.666755e-001 5.657389e-001 1.515641e-001 0 1.543603e-001 1.097908e+001 
6.065513e-002 1.634450e-002 1.775151e-001 1.699688e-001 3.550301e-001 1.031390e-001 0 1.328361e-001 7.873344e+000 
3.931733e-002 2.007784e-002 1.540914e-001 1.559006e-001 3.081828e-001 9.683285e-002 0 8.443549e-002 6.338952e+000 
2.493440e-002 4.875702e-003 1.249718e-001 1.588278e-001 2.499437e-001 6.882576e-002 0 9.715434e-002 5.048065e+000 
3.616728e-002 9.131588e-003 1.644641e-001 1.724308e-001 3.289282e-001 8.406043e-002 0 8.679034e-002 6.079717e+000 
4.871946e-002 1.252129e-002 2.151981e-001 2.135999e-001 4.303962e-001 9.851943e-002 0 1.099957e-001 7.056294e+000 
5.364668e-002 1.696362e-002 2.041547e-001 2.022508e-001 4.083093e-001 1.054224e-001 0 8.157295e-002 7.404519e+000 
1.832231e-002 3.284965e-003 1.068902e-001 1.284283e-001 2.137804e-001 5.903653e-002 0 6.182742e-002 4.327286e+000 
7.698286e-002 1.782460e-002 2.126654e-001 1.918996e-001 4.253307e-001 1.137936e-001 0 9.082448e-002 8.869976e+000 
4.218124e-002 1.246279e-002 1.633990e-001 1.710768e-001 3.267980e-001 9.061870e-002 0 1.306553e-001 6.565761e+000 
1.171557e-001 3.340002e-002 2.618485e-001 2.322000e-001 5.236970e-001 1.406692e-001 0 8.872484e-002 1.094226e+001 
9.773419e-002 2.569835e-002 2.486391e-001 2.260669e-001 4.972782e-001 1.303961e-001 0 1.566764e-001 9.994215e+000 
7.067303e-002 2.851010e-002 2.137274e-001 2.022334e-001 4.274547e-001 1.212268e-001 0 1.152288e-001 8.498696e+000 
7.798455e-002 2.786902e-002 2.018381e-001 1.771965e-001 4.036762e-001 1.194172e-001 0 6.670849e-002 8.927497e+000 
4.140826e-002 9.520802e-003 1.621125e-001 1.923980e-001 3.242251e-001 8.741007e-002 0 1.028535e-001 6.505324e+000 
1.021510e-001 3.442305e-002 2.434738e-001 2.372686e-001 4.869477e-001 1.359541e-001 0 1.117489e-001 1.021755e+001 
2.031382e-002 3.421159e-003 9.817574e-002 1.253805e-001 1.963515e-001 6.022478e-002 0 7.194418e-002 4.556394e+000 
2.770508e-002 5.448289e-003 1.429961e-001 1.888873e-001 2.859923e-001 7.438843e-002 0 9.588458e-002 5.321146e+000 
7.007105e-003 2.375226e-003 7.865976e-002 8.499464e-002 1.573195e-001 3.778074e-002 0 4.541922e-002 2.676053e+000 
1.514410e-002 2.934886e-003 9.415435e-002 1.169084e-001 1.883087e-001 5.421104e-002 0 7.485506e-002 3.934116e+000 
1.933916e-002 3.893284e-003 1.134052e-001 1.408399e-001 2.268104e-001 6.212835e-002 0 7.708575e-002 4.445742e+000 
1.182821e-001 4.053071e-002 2.662235e-001 2.608042e-001 5.324470e-001 1.474509e-001 0 8.859210e-002 1.099474e+001 
2.606588e-001 6.861179e-002 3.334910e-001 3.008355e-001 6.669819e-001 1.996524e-001 0 1.402609e-001 1.632156e+001 
4.088698e-002 1.422364e-002 1.853627e-001 1.621026e-001 3.707253e-001 9.303836e-002 0 9.151602e-002 6.464247e+000 
7.425854e-002 1.717783e-002 2.180061e-001 2.134374e-001 4.360123e-001 1.126166e-001 0 9.159706e-002 8.711614e+000 
3.766944e-002 1.095109e-002 1.702083e-001 1.818374e-001 3.404166e-001 8.857766e-002 0 9.441593e-002 6.204689e+000 
1.034566e-001 3.135670e-002 2.615410e-001 2.598504e-001 5.230820e-001 1.371706e-001 0 9.353314e-002 1.028264e+001 
2.489154e-002 4.707047e-003 1.394744e-001 1.542234e-001 2.789489e-001 6.882258e-002 0 9.402793e-002 5.043724e+000 
6.821202e-002 2.857704e-002 2.058033e-001 2.036693e-001 4.116066e-001 1.196225e-001 0 6.776528e-002 8.349412e+000 
6.441617e-002 1.607806e-002 1.950745e-001 2.071757e-001 3.901489e-001 1.053514e-001 0 1.134305e-001 8.113774e+000 
3.476280e-001 7.051981e-002 4.672812e-001 4.071595e-001 9.345623e-001 2.247256e-001 0 1.360100e-001 1.884876e+001 
3.349296e-001 6.546758e-002 4.279094e-001 4.261182e-001 8.558187e-001 2.591576e-001 0 1.411725e-001 1.850130e+001 
6.887429e-002 1.546355e-002 2.057481e-001 2.167481e-001 4.114962e-001 1.080115e-001 0 1.233339e-001 8.389846e+000 
6.283918e-002 1.426612e-002 1.966190e-001 2.119379e-001 3.932381e-001 1.037743e-001 0 1.127117e-001 8.013841e+000 
6.499869e-002 1.551773e-002 2.025940e-001 2.064723e-001 4.051880e-001 1.053685e-001 0 1.082977e-001 8.150378e+000 
3.288897e-002 1.090694e-002 1.533996e-001 1.461467e-001 3.067992e-001 8.287353e-002 0 1.126273e-001 5.797631e+000 
1.022118e-001 2.824686e-002 2.140691e-001 2.139790e-001 4.281383e-001 1.298900e-001 0 1.246371e-001 1.022059e+001 
1.201486e-001 4.048380e-002 2.503237e-001 2.286793e-001 5.006474e-001 1.439581e-001 0 1.016033e-001 1.108115e+001 
2.160941e-002 4.014753e-003 1.343579e-001 1.467406e-001 2.687158e-001 6.475392e-002 0 8.651783e-002 4.699448e+000 
2.642120e-001 5.845668e-002 3.826271e-001 3.524651e-001 7.652541e-001 1.991382e-001 0 9.325654e-002 1.643243e+001 
7.213449e-002 1.713938e-002 2.087728e-001 1.972263e-001 4.175456e-001 1.112904e-001 0 1.106378e-001 8.586120e+000 
4.854469e-002 5.352478e-003 1.845909e-001 1.963642e-001 3.691818e-001 9.453876e-002 0 4.985400e-002 7.043626e+000 
1.854721e-002 3.160294e-003 1.071509e-001 1.249868e-001 2.143017e-001 5.890089e-002 0 6.544857e-002 4.353762e+000 
5.720116e-002 1.236330e-002 1.905021e-001 1.846724e-001 3.810042e-001 9.970812e-002 0 1.014013e-001 7.645887e+000 
2.821417e-002 5.658809e-003 1.399391e-001 1.892323e-001 2.798782e-001 7.513037e-002 0 9.400838e-002 5.369812e+000 
4.657924e-001 1.270211e-001 4.979292e-001 4.411791e-001 9.958585e-001 2.949034e-001 0 1.888513e-001 2.181834e+001 
1.338237e-001 3.488468e-002 2.744739e-001 2.695300e-001 5.489478e-001 1.473416e-001 0 1.333408e-001 1.169478e+001 
1.849685e-001 4.585034e-002 3.361917e-001 3.086918e-001 6.723834e-001 1.708773e-001 0 1.202748e-001 1.374910e+001 
2.461997e-002 2.944888e-003 1.429569e-001 1.672740e-001 2.859138e-001 6.598179e-002 0 7.740534e-002 5.016135e+000 
2.244338e-002 1.193160e-002 1.496044e-001 1.484789e-001 2.992087e-001 7.973489e-002 0 1.231969e-001 4.789272e+000 
2.901846e-002 1.181460e-002 1.606439e-001 1.668137e-001 3.212878e-001 8.409611e-002 0 6.782019e-002 5.445812e+000 
6.827109e-002 2.171892e-002 2.418887e-001 2.420706e-001 4.837774e-001 1.176948e-001 0 9.172176e-002 8.353026e+000 
9.814019e-002 2.361775e-002 2.420474e-001 2.522345e-001 4.840948e-001 1.288923e-001 0 1.175590e-001 1.001495e+001 
1.296352e-001 4.530074e-002 2.663712e-001 2.557454e-001 5.327425e-001 1.515316e-001 0 1.072400e-001 1.151031e+001 
3.644089e-002 1.295900e-002 1.750939e-001 1.825235e-001 3.501877e-001 9.043924e-002 0 8.043386e-002 6.102670e+000 
1.819880e-002 2.990058e-003 1.088369e-001 1.230983e-001 2.176739e-001 5.802273e-002 0 6.756876e-002 4.312676e+000 
3.747152e-002 1.047583e-002 1.762167e-001 1.768804e-001 3.524335e-001 8.817860e-002 0 7.462966e-002 6.188367e+000 
4.813964e-002 1.325708e-002 1.666070e-001 1.544740e-001 3.332140e-001 9.441170e-002 0 1.130279e-001 7.014179e+000 
6.996330e-002 1.677097e-002 1.830882e-001 1.769636e-001 3.661764e-001 1.097063e-001 0 1.265331e-001 8.455915e+000 
1.195976e-001 3.957773e-002 2.525758e-001 2.269823e-001 5.051515e-001 1.433829e-001 0 9.300247e-002 1.105571e+001 
3.306105e-002 1.726480e-002 1.623893e-001 1.741687e-001 3.247786e-001 9.242523e-002 0 6.786685e-002 5.812779e+000 
2.562065e-002 1.535040e-002 1.545556e-001 1.644427e-001 3.091113e-001 8.607774e-002 0 1.027286e-001 5.117060e+000 
5.052684e-002 5.748273e-003 1.779413e-001 1.889678e-001 3.558827e-001 9.677619e-002 0 5.817845e-002 7.185988e+000 
4.297310e-001 1.236807e-001 4.871917e-001 4.995938e-001 9.743834e-001 2.811666e-001 0 1.633734e-001 2.095674e+001 
3.071594e-001 1.045120e-001 4.175661e-001 4.013614e-001 8.351321e-001 2.464852e-001 0 1.107672e-001 1.771770e+001 
2.927548e-001 9.973786e-002 4.002808e-001 3.859787e-001 8.005615e-001 2.423562e-001 0 1.331092e-001 1.729727e+001 
3.027639e-001 1.011230e-001 4.077310e-001 3.990745e-001 8.154621e-001 2.462871e-001 0 1.277934e-001 1.759047e+001 
4.141748e-001 1.200456e-001 4.860485e-001 4.862854e-001 9.720969e-001 2.774139e-001 0 1.413623e-001 2.057393e+001 
3.298556e-001 1.017940e-001 4.374294e-001 4.481711e-001 8.748588e-001 2.531862e-001 0 1.467251e-001 1.836062e+001 
1.994621e-001 6.122571e-002 3.451318e-001 3.467092e-001 6.902635e-001 2.059937e-001 0 1.470183e-001 1.427762e+001 
6.007144e-001 1.434076e-001 5.636873e-001 5.754358e-001 1.127375e+000 3.302394e-001 0 1.863326e-001 2.477761e+001 
5.295192e-001 1.254248e-001 5.311004e-001 5.414910e-001 1.062201e+000 3.101586e-001 0 2.054756e-001 2.326303e+001 
3.170702e-001 1.006094e-001 4.314995e-001 4.385933e-001 8.629990e-001 2.490496e-001 0 1.599994e-001 1.800127e+001 
3.357812e-001 1.016576e-001 4.441501e-001 4.502940e-001 8.883001e-001 2.548678e-001 0 1.470902e-001 1.852480e+001 
3.796558e-001 1.116676e-001 4.468471e-001 4.537218e-001 8.936942e-001 2.680437e-001 0 1.709347e-001 1.969792e+001 
2.609776e-001 8.594334e-002 3.906988e-001 3.788774e-001 7.813976e-001 2.299287e-001 0 1.320757e-001 1.633154e+001 
3.473029e-001 1.154580e-001 4.434130e-001 4.329265e-001 8.868261e-001 2.599595e-001 0 1.150831e-001 1.883995e+001 
3.283124e-001 1.115588e-001 4.255665e-001 4.075567e-001 8.511331e-001 2.537241e-001 0 1.109043e-001 1.831762e+001 
5.438013e-001 1.346922e-001 5.438843e-001 5.492696e-001 1.087769e+000 3.125479e-001 0 1.808110e-001 2.357467e+001 
5.154156e-001 1.259964e-001 5.380355e-001 5.525115e-001 1.076071e+000 3.055262e-001 0 1.938599e-001 2.295114e+001 
3.228392e-001 1.118887e-001 4.041102e-001 4.018281e-001 8.082204e-001 2.508996e-001 0 1.595500e-001 1.816430e+001 
3.418800e-001 1.098807e-001 4.337388e-001 4.327565e-001 8.674777e-001 2.631543e-001 0 1.257540e-001 1.869228e+001 
3.453080e-001 1.050190e-001 4.179173e-001 4.388402e-001 8.358345e-001 2.578932e-001 0 1.366062e-001 1.878576e+001 
2.955437e-001 9.829863e-002 4.195653e-001 4.154093e-001 8.391307e-001 2.423922e-001 0 1.336974e-001 1.737946e+001 
2.159004e-001 5.773174e-002 3.505432e-001 3.354560e-001 7.010864e-001 2.117596e-001 0 1.152048e-001 1.485430e+001 
3.284291e-001 1.038599e-001 4.268704e-001 4.297393e-001 8.537409e-001 2.529542e-001 0 1.624203e-001 1.832088e+001 
3.791327e-001 1.180934e-001 4.483386e-001 4.736626e-001 8.966772e-001 2.675334e-001 0 1.400105e-001 1.968435e+001 
3.952130e-001 1.148031e-001 4.638734e-001 4.883238e-001 9.277468e-001 2.736642e-001 0 1.583457e-001 2.009746e+001 
5.772236e-001 1.404039e-001 5.647519e-001 5.616755e-001 1.129504e+000 3.197572e-001 0 1.855971e-001 2.428832e+001 
5.300732e-001 1.257371e-001 5.665761e-001 5.621170e-001 1.133152e+000 3.077830e-001 0 2.026353e-001 2.327520e+001 
3.884046e-001 1.244167e-001 4.545611e-001 4.594322e-001 9.091223e-001 2.716076e-001 0 1.175567e-001 1.992359e+001 
2.569933e-001 8.822840e-002 3.762452e-001 3.530550e-001 7.524904e-001 2.288963e-001 0 1.101527e-001 1.620639e+001 
3.372683e-001 1.102484e-001 4.247956e-001 4.285734e-001 8.495911e-001 2.554652e-001 0 1.392150e-001 1.856578e+001 
4.079154e-001 1.220115e-001 4.446816e-001 4.616060e-001 8.893632e-001 2.765007e-001 0 1.610270e-001 2.041787e+001 
1.545052e-001 5.221052e-002 2.907743e-001 3.009230e-001 5.815486e-001 1.861063e-001 0 1.165599e-001 1.256600e+001 
3.245878e-001 1.121437e-001 4.264493e-001 4.267292e-001 8.528986e-001 2.514764e-001 0 1.391272e-001 1.821342e+001 
5.564464e-001 1.458998e-001 5.526735e-001 5.670759e-001 1.105347e+000 3.160087e-001 0 1.690404e-001 2.384718e+001 
6.715803e-001 1.506794e-001 5.906259e-001 5.948303e-001 1.181252e+000 3.512407e-001 0 1.978752e-001 2.619838e+001 
4.518703e-001 1.360385e-001 4.870117e-001 5.048334e-001 9.740234e-001 2.870001e-001 0 1.670599e-001 2.148980e+001 
4.068450e-001 1.225321e-001 4.582692e-001 4.825488e-001 9.165385e-001 2.765741e-001 0 1.457323e-001 2.039107e+001 
4.472917e-001 1.356573e-001 5.182323e-001 5.047906e-001 1.036465e+000 2.842286e-001 0 1.934960e-001 2.138065e+001 
3.349276e-001 9.990361e-002 4.092094e-001 4.082293e-001 8.184189e-001 2.559094e-001 0 1.588705e-001 1.850124e+001 
3.562905e-001 1.046001e-001 4.433051e-001 4.607638e-001 8.866102e-001 2.610855e-001 0 1.473393e-001 1.908216e+001 
3.143762e-001 1.028865e-001 4.231723e-001 4.133394e-001 8.463446e-001 2.499611e-001 0 1.410883e-001 1.792463e+001 
2.950037e-001 9.992867e-002 4.084933e-001 3.878823e-001 8.169866e-001 2.420537e-001 0 1.095703e-001 1.736358e+001 
4.081816e-001 1.200699e-001 4.820805e-001 5.031208e-001 9.641610e-001 2.774362e-001 0 1.756665e-001 2.042453e+001 
4.242025e-001 1.283335e-001 4.684067e-001 4.915652e-001 9.368133e-001 2.809295e-001 0 1.601241e-001 2.082150e+001 
2.681134e-001 9.267336e-002 3.869298e-001 3.626724e-001 7.738596e-001 2.331172e-001 0 1.131961e-001 1.655331e+001 
4.814401e-001 1.291433e-001 4.883789e-001 5.167622e-001 9.767578e-001 3.020588e-001 0 1.815379e-001 2.218179e+001 
2.929303e-001 9.147328e-002 3.908397e-001 4.020483e-001 7.816794e-001 2.411708e-001 0 1.618198e-001 1.730245e+001 
4.981438e-001 1.324474e-001 5.129380e-001 5.245849e-001 1.025876e+000 3.007710e-001 0 1.734749e-001 2.256331e+001 
4.611414e-001 1.232402e-001 4.942204e-001 5.167496e-001 9.884408e-001 2.913509e-001 0 2.154534e-001 2.170913e+001 
4.010297e-001 1.171377e-001 4.782816e-001 4.887226e-001 9.565631e-001 2.733528e-001 0 1.661785e-001 2.024481e+001 
4.409425e-001 1.183841e-001 4.729353e-001 4.907301e-001 9.458705e-001 2.858893e-001 0 1.514453e-001 2.122836e+001 
2.387440e-001 8.032279e-002 3.835493e-001 3.652447e-001 7.670987e-001 2.211130e-001 0 1.186074e-001 1.562038e+001 
4.968535e-001 1.365268e-001 5.200509e-001 5.263375e-001 1.040102e+000 2.987096e-001 0 1.827852e-001 2.253407e+001 
2.679988e-001 8.972256e-002 3.828621e-001 3.614086e-001 7.657242e-001 2.335894e-001 0 1.187657e-001 1.654977e+001 
2.990271e-001 9.920412e-002 4.228187e-001 4.184222e-001 8.456375e-001 2.437558e-001 0 1.357988e-001 1.748158e+001 
3.084914e-001 9.354874e-002 4.311829e-001 4.192838e-001 8.623658e-001 2.495658e-001 0 1.206871e-001 1.775608e+001 
2.820946e-001 9.493113e-002 3.902219e-001 3.789603e-001 7.804437e-001 2.386717e-001 0 1.271892e-001 1.697942e+001 
2.826117e-001 9.636877e-002 4.008332e-001 3.912062e-001 8.016664e-001 2.382900e-001 0 1.224835e-001 1.699497e+001 
4.575697e-001 1.290817e-001 5.069095e-001 5.138499e-001 1.013819e+000 2.873052e-001 0 1.445823e-001 2.162490e+001 
7.684693e-002 2.935822e-002 2.496321e-001 2.303353e-001 4.992641e-001 1.478406e-001 0 1.044120e-001 8.862142e+000 
3.835931e-001 1.195304e-001 4.569163e-001 4.626495e-001 9.138326e-001 2.700240e-001 0 1.549966e-001 1.979980e+001 
1.738203e-001 6.146280e-002 3.085141e-001 2.899887e-001 6.170283e-001 1.943737e-001 0 7.994149e-002 1.332833e+001 
2.325893e-001 8.198032e-002 3.688619e-001 3.627342e-001 7.377237e-001 2.193255e-001 0 1.235596e-001 1.541772e+001 
4.862380e-001 1.372275e-001 5.246665e-001 5.348934e-001 1.049333e+000 2.957373e-001 0 1.582694e-001 2.229204e+001 
2.896919e-001 9.855613e-002 4.002794e-001 3.859232e-001 8.005587e-001 2.409126e-001 0 1.329252e-001 1.720654e+001 
3.900730e-001 1.138302e-001 4.718255e-001 4.803967e-001 9.436511e-001 2.703820e-001 0 1.328627e-001 1.996634e+001 
2.311964e-001 7.343958e-002 3.426857e-001 3.392540e-001 6.853713e-001 2.181323e-001 0 1.238736e-001 1.537149e+001 
6.892465e-001 1.641794e-001 6.560331e-001 6.245797e-001 1.312066e+000 3.450531e-001 0 2.214876e-001 2.654072e+001 
5.664315e-003 9.322836e-004 7.795396e-002 8.411305e-002 1.559079e-001 3.663329e-002 0 2.556718e-002 2.406019e+000 
2.712215e-001 8.376283e-002 3.793481e-001 3.669144e-001 7.586963e-001 2.336413e-001 0 1.358920e-001 1.664898e+001 
2.231933e-001 7.237268e-002 3.486572e-001 3.367240e-001 6.973144e-001 2.148183e-001 0 1.184965e-001 1.510310e+001 
2.280038e-001 7.318417e-002 3.304365e-001 3.261310e-001 6.608730e-001 2.167811e-001 0 1.210739e-001 1.526499e+001 
3.217061e-001 9.897303e-002 4.173844e-001 4.271309e-001 8.347688e-001 2.510349e-001 0 1.650611e-001 1.813239e+001 
1.578108e-001 4.841104e-002 3.100740e-001 3.152263e-001 6.201479e-001 1.876245e-001 0 1.274406e-001 1.269971e+001 
4.899220e-001 1.284375e-001 5.115923e-001 5.191941e-001 1.023185e+000 2.971538e-001 0 1.762417e-001 2.237633e+001 
3.027481e-001 1.032211e-001 4.088173e-001 3.934627e-001 8.176347e-001 2.458149e-001 0 1.316559e-001 1.759001e+001 
6.377141e-001 1.560437e-001 6.135823e-001 6.026357e-001 1.227165e+000 3.352657e-001 0 1.860723e-001 2.552927e+001 
3.056125e-001 1.000542e-001 3.846765e-001 3.665129e-001 7.693530e-001 2.457719e-001 0 1.234701e-001 1.767303e+001 
3.030124e-001 1.030359e-001 4.515903e-001 4.091063e-001 9.031806e-001 2.541631e-001 0 1.245677e-001 1.759769e+001 
2.675885e-001 9.236925e-002 3.850506e-001 3.678576e-001 7.701012e-001 2.330306e-001 0 1.123067e-001 1.653709e+001 
3.081611e-001 1.027216e-001 3.922798e-001 3.706880e-001 7.845595e-001 2.470605e-001 0 1.222579e-001 1.774657e+001 
3.005323e-001 9.969246e-002 4.238670e-001 4.200245e-001 8.477340e-001 2.442522e-001 0 1.340402e-001 1.752552e+001 
1.585752e-001 2.699650e-002 2.817895e-001 2.687977e-001 5.635790e-001 1.865762e-001 0 7.724023e-002 1.273043e+001 
1.306374e-001 5.091578e-002 2.706708e-001 2.622784e-001 5.413416e-001 1.780480e-001 0 1.253146e-001 1.155472e+001 
5.200310e-001 1.261526e-001 5.585723e-001 5.566039e-001 1.117145e+000 3.045308e-001 0 1.916088e-001 2.305367e+001 
3.018854e-001 1.074234e-001 3.991062e-001 3.824175e-001 7.982123e-001 2.465876e-001 0 1.162302e-001 1.756493e+001 
3.041059e-001 9.999592e-002 4.118907e-001 4.147446e-001 8.237815e-001 2.448348e-001 0 1.678886e-001 1.762941e+001 
3.959917e-001 1.235221e-001 4.540437e-001 4.738778e-001 9.080875e-001 2.736371e-001 0 1.415123e-001 2.011724e+001 
4.051044e-001 1.237629e-001 4.895007e-001 4.995849e-001 9.790015e-001 2.747885e-001 0 1.376530e-001 2.034740e+001 
1.375191e-001 5.679018e-002 2.898766e-001 2.664101e-001 5.797532e-001 1.805685e-001 0 1.111528e-001 1.185515e+001 
4.900090e-001 1.312621e-001 5.268308e-001 5.301698e-001 1.053662e+000 2.953905e-001 0 1.685788e-001 2.237832e+001 
4.073813e-001 1.245455e-001 4.670758e-001 4.885458e-001 9.341517e-001 2.768976e-001 0 1.487079e-001 2.040450e+001 
2.771261e-001 9.461296e-002 3.881816e-001 3.696340e-001 7.763633e-001 2.369162e-001 0 1.203611e-001 1.682923e+001 
4.023688e-001 1.270454e-001 4.676600e-001 4.774187e-001 9.353201e-001 2.763173e-001 0 1.400206e-001 2.027858e+001 
3.596374e-001 1.106086e-001 4.216533e-001 4.276572e-001 8.433066e-001 2.637991e-001 0 1.539414e-001 1.917158e+001 
3.752419e-001 1.077733e-001 4.303744e-001 4.451944e-001 8.607489e-001 2.690695e-001 0 1.632234e-001 1.958309e+001 
4.856610e-001 1.268797e-001 5.115054e-001 5.195548e-001 1.023011e+000 2.962767e-001 0 1.690977e-001 2.227881e+001 
3.457052e-001 1.052161e-001 4.356925e-001 4.545332e-001 8.713850e-001 2.578947e-001 0 1.388795e-001 1.879656e+001 
3.178015e-001 1.021194e-001 4.262206e-001 4.358163e-001 8.524411e-001 2.492817e-001 0 1.536654e-001 1.802202e+001 
3.417478e-001 1.196240e-001 4.657292e-001 4.168907e-001 9.314583e-001 2.700237e-001 0 1.225198e-001 1.868867e+001 
9.270584e-002 2.854383e-002 2.410426e-001 2.118267e-001 4.820853e-001 1.260403e-001 0 9.190559e-002 9.733723e+000 
2.411656e-001 2.960583e-002 3.288728e-001 3.257867e-001 6.577455e-001 1.662171e-001 0 1.162449e-001 1.569940e+001 
4.866343e-001 6.398520e-002 4.570430e-001 4.260458e-001 9.140859e-001 2.619962e-001 0 1.531303e-001 2.230113e+001 
1.065698e-001 2.824859e-002 2.457069e-001 2.105891e-001 4.914139e-001 1.272004e-001 0 1.035567e-001 1.043620e+001 
8.827542e-002 1.823805e-002 2.305370e-001 1.951045e-001 4.610740e-001 1.087552e-001 0 9.308743e-002 9.498288e+000 
2.658974e-001 3.273053e-002 3.417053e-001 3.386707e-001 6.834105e-001 1.769048e-001 0 1.127554e-001 1.648475e+001 
8.582851e-002 1.564934e-002 2.268324e-001 1.935881e-001 4.536648e-001 1.051284e-001 0 8.130381e-002 9.365721e+000 
9.831561e-002 2.011339e-002 2.408644e-001 2.105117e-001 4.817288e-001 1.149130e-001 0 9.582155e-002 1.002390e+001 
1.804223e-001 3.370570e-002 3.267292e-001 3.043002e-001 6.534584e-001 1.575507e-001 0 1.112742e-001 1.357909e+001 
8.724777e-002 1.948056e-002 2.284665e-001 1.963605e-001 4.569330e-001 1.116978e-001 0 7.855471e-002 9.442839e+000 
1.372098e-001 1.327453e-002 2.595366e-001 2.809971e-001 5.190733e-001 1.214318e-001 0 9.328121e-002 1.184181e+001 
1.838380e-001 3.319582e-002 3.303293e-001 2.992174e-001 6.606585e-001 1.611095e-001 0 1.046509e-001 1.370702e+001 
9.219630e-002 2.034829e-002 2.306190e-001 1.966770e-001 4.612380e-001 1.136536e-001 0 8.599899e-002 9.706936e+000 
1.174748e-001 2.666246e-002 2.569127e-001 2.209004e-001 5.138253e-001 1.270506e-001 0 9.938835e-002 1.095716e+001 
2.810889e-001 8.669039e-002 4.636961e-001 4.368527e-001 9.273922e-001 2.384332e-001 0 1.476467e-001 1.694913e+001 
1.225245e-001 3.421974e-002 2.670372e-001 2.226088e-001 5.340743e-001 1.379735e-001 0 8.967576e-002 1.119018e+001 
2.458844e-002 4.414280e-003 1.458953e-001 1.591206e-001 2.917907e-001 6.821248e-002 0 6.259129e-002 5.012921e+000 
7.048406e-002 1.386006e-002 1.933300e-001 1.703531e-001 3.866600e-001 9.562421e-002 0 6.455303e-002 8.487327e+000 
3.475239e-001 7.491019e-002 3.561678e-001 3.178219e-001 7.123357e-001 2.304825e-001 0 8.777643e-002 1.884594e+001 
2.176212e-002 3.392096e-003 1.129786e-001 1.192929e-001 2.259572e-001 5.998499e-002 0 5.395075e-002 4.716025e+000 
2.134107e-002 1.400493e-003 1.033789e-001 1.192673e-001 2.067578e-001 5.420219e-002 0 4.764522e-002 4.670179e+000 
9.273431e-002 1.670671e-002 2.093508e-001 1.857205e-001 4.187015e-001 1.101212e-001 0 5.816357e-002 9.735218e+000 
1.927029e-002 1.366600e-003 9.823640e-002 1.134807e-001 1.964728e-001 5.083468e-002 0 3.127840e-002 4.437819e+000 
2.119559e-002 1.643550e-003 1.096307e-001 1.192578e-001 2.192613e-001 5.429724e-002 0 3.912760e-002 4.654233e+000 
2.884109e-002 2.862291e-003 1.490905e-001 1.865485e-001 2.981810e-001 6.599978e-002 0 3.650476e-002 5.429143e+000 
1.928878e-002 1.444519e-003 1.098993e-001 1.187047e-001 2.197987e-001 5.329171e-002 0 3.737521e-002 4.439948e+000 
1.027506e-001 1.962475e-002 2.479370e-001 2.290439e-001 4.958740e-001 1.143109e-001 0 3.508808e-002 1.024749e+001 
3.997913e-002 4.358118e-003 1.769971e-001 1.813030e-001 3.539942e-001 7.851612e-002 0 3.465913e-002 6.392079e+000 
1.721777e-002 1.413283e-003 1.017526e-001 1.139234e-001 2.035053e-001 5.004139e-002 0 3.580246e-002 4.194826e+000 
1.112016e-002 1.506344e-003 9.701140e-002 1.063602e-001 1.940228e-001 4.087824e-002 0 2.910740e-002 3.371172e+000 
7.238616e-002 2.570671e-002 2.823853e-001 2.910684e-001 5.647705e-001 1.406842e-001 0 7.510189e-002 8.601085e+000 
1.645499e-002 3.830567e-003 1.251058e-001 1.186500e-001 2.502116e-001 5.572613e-002 0 3.698994e-002 4.100853e+000 
3.076817e-001 9.632133e-002 4.205702e-001 4.111216e-001 8.411405e-001 2.518406e-001 0 1.211064e-001 1.773276e+001 
1.732386e-001 5.812195e-002 3.449152e-001 3.135660e-001 6.898303e-001 1.951226e-001 0 1.100048e-001 1.330601e+001 
4.716987e-002 1.169524e-002 2.003456e-001 1.888570e-001 4.006911e-001 1.092204e-001 0 7.704926e-002 6.943170e+000 
2.960511e-001 9.591557e-002 4.191683e-001 4.070582e-001 8.383365e-001 2.454178e-001 0 1.061299e-001 1.739437e+001 
3.156042e-001 1.001897e-001 4.364283e-001 4.265774e-001 8.728566e-001 2.504252e-001 0 1.102922e-001 1.795961e+001 
1.350604e-001 4.370140e-002 3.131139e-001 2.908401e-001 6.262278e-001 1.765490e-001 0 1.058621e-001 1.174869e+001 
3.096079e-001 9.709708e-002 4.343140e-001 4.268503e-001 8.686279e-001 2.477641e-001 0 1.085447e-001 1.778818e+001 
2.937918e-001 9.278114e-002 4.329726e-001 4.255050e-001 8.659451e-001 2.426007e-001 0 1.021617e-001 1.732787e+001 
1.957504e-001 6.666851e-002 3.387949e-001 3.068705e-001 6.775897e-001 2.026093e-001 0 7.781167e-002 1.414415e+001 
3.031913e-001 9.487895e-002 4.261739e-001 4.147323e-001 8.523478e-001 2.467542e-001 0 1.129575e-001 1.760288e+001 
2.924856e-001 8.665043e-002 4.375381e-001 3.929377e-001 8.750762e-001 2.410862e-001 0 9.936206e-002 1.728931e+001 
1.637157e-001 5.619013e-002 3.196972e-001 2.906053e-001 6.393944e-001 1.870354e-001 0 8.090342e-002 1.293513e+001 
3.025828e-001 9.586130e-002 4.307979e-001 4.191861e-001 8.615958e-001 2.463338e-001 0 1.070580e-001 1.758521e+001 
3.022492e-001 1.001775e-001 4.373696e-001 4.220211e-001 8.747392e-001 2.462890e-001 0 9.506492e-002 1.757551e+001 
1.408274e-001 5.133597e-002 2.358162e-001 1.967971e-001 4.716325e-001 1.813111e-001 0 6.515952e-002 1.199690e+001 
3.859110e-001 1.318160e-001 4.678747e-001 4.528284e-001 9.357493e-001 2.794819e-001 0 1.108613e-001 1.985953e+001 
4.691532e-001 6.615262e-002 5.012066e-001 5.116072e-001 1.002413e+000 2.896915e-001 0 1.736974e-001 2.189691e+001 
4.865224e-001 7.019456e-002 4.966359e-001 5.138759e-001 9.932718e-001 2.996063e-001 0 1.807339e-001 2.229856e+001 
4.444148e-001 6.494110e-002 5.090392e-001 5.078759e-001 1.018078e+000 2.825843e-001 0 1.852195e-001 2.131178e+001 
4.451816e-001 6.721330e-002 4.969527e-001 5.100048e-001 9.939054e-001 2.880288e-001 0 1.911487e-001 2.133016e+001 
5.255276e-001 6.993062e-002 5.136238e-001 5.127520e-001 1.027248e+000 2.973168e-001 0 1.861962e-001 2.317519e+001 
4.097426e-001 4.688536e-002 4.578184e-001 4.080899e-001 9.156368e-001 2.222871e-001 0 1.685770e-001 2.046355e+001 
4.274392e-001 6.323687e-002 5.058352e-001 4.994280e-001 1.011670e+000 2.738753e-001 0 1.869326e-001 2.090079e+001 
4.391380e-001 6.396796e-002 4.939341e-001 5.073496e-001 9.878682e-001 2.788151e-001 0 1.692578e-001 2.118488e+001 
4.876234e-001 6.998463e-002 5.019838e-001 5.141920e-001 1.003968e+000 2.997176e-001 0 1.803039e-001 2.232378e+001 
5.975724e-002 3.610595e-003 1.462842e-001 1.583697e-001 2.925684e-001 7.889903e-002 0 7.893104e-002 7.814851e+000 
3.747298e-001 7.552949e-002 5.308303e-001 5.074716e-001 1.061661e+000 2.683991e-001 0 1.837694e-001 1.956972e+001 
3.073201e-001 4.972413e-002 4.202019e-001 4.021052e-001 8.404039e-001 2.438455e-001 0 9.358549e-002 1.772233e+001 
3.250268e-001 5.852667e-002 4.180110e-001 4.015300e-001 8.360220e-001 2.547337e-001 0 1.027408e-001 1.822573e+001 
2.742906e-001 4.291110e-002 3.973236e-001 3.946655e-001 7.946472e-001 2.314111e-001 0 1.050053e-001 1.674291e+001 
2.730292e-001 4.447817e-002 3.920729e-001 3.943800e-001 7.841458e-001 2.355196e-001 0 1.112657e-001 1.670436e+001 
3.753574e-001 7.135275e-002 4.250956e-001 3.995960e-001 8.501912e-001 2.608239e-001 0 1.083260e-001 1.958610e+001 
2.394744e-001 4.857775e-002 3.336885e-001 2.747644e-001 6.673769e-001 1.786396e-001 0 9.329245e-002 1.564426e+001 
2.521103e-001 3.729314e-002 3.866265e-001 3.829218e-001 7.732530e-001 2.194538e-001 0 1.052385e-001 1.605169e+001 
2.665935e-001 4.075925e-002 3.981434e-001 3.936795e-001 7.962867e-001 2.264918e-001 0 8.813052e-002 1.650632e+001 
3.268316e-001 5.818129e-002 4.227295e-001 4.033087e-001 8.454589e-001 2.552039e-001 0 1.021885e-001 1.827627e+001 
1.523693e-001 2.030356e-002 2.617729e-001 2.466936e-001 5.235457e-001 1.374226e-001 0 9.178459e-002 1.247884e+001 
1.895424e-001 3.154856e-002 3.880691e-001 3.936147e-001 7.761383e-001 2.020179e-001 0 1.052251e-001 1.391806e+001 
3.086833e-001 5.667498e-002 4.216861e-001 4.116888e-001 8.433721e-001 2.504004e-001 0 1.166177e-001 1.776160e+001 
3.296693e-001 6.769936e-002 4.209191e-001 4.117898e-001 8.418383e-001 2.624386e-001 0 1.232771e-001 1.835544e+001 
2.793148e-001 4.890270e-002 4.021953e-001 4.058022e-001 8.043906e-001 2.382752e-001 0 1.190157e-001 1.689555e+001 
2.772060e-001 5.012176e-002 3.931414e-001 4.018583e-001 7.862828e-001 2.411662e-001 0 1.228126e-001 1.683165e+001 
3.866017e-001 8.593901e-002 4.323863e-001 4.187926e-001 8.647725e-001 2.741156e-001 0 1.429779e-001 1.987730e+001 
2.766434e-001 6.716224e-002 3.673325e-001 3.172457e-001 7.346651e-001 2.074731e-001 0 1.420511e-001 1.681456e+001 
2.561911e-001 4.198721e-002 3.889165e-001 3.964030e-001 7.778330e-001 2.257367e-001 0 1.197262e-001 1.618108e+001 
2.679709e-001 4.608489e-002 4.008425e-001 4.025361e-001 8.016850e-001 2.319149e-001 0 1.131355e-001 1.654891e+001 
3.310811e-001 6.717588e-002 4.251408e-001 4.134611e-001 8.502817e-001 2.628454e-001 0 1.232860e-001 1.839470e+001 
1.329155e-001 3.361314e-002 2.554058e-001 2.620887e-001 5.108115e-001 1.493417e-001 0 6.725329e-002 1.165503e+001 
1.877673e-001 2.646602e-002 3.556952e-001 3.991513e-001 7.113903e-001 2.007665e-001 0 1.032593e-001 1.385273e+001 
