2.012475e-003 1.829129e-004 2.154757e-002 2.700575e-002 4.309514e-002 1.468343e-002 0 1.612354e-002 1.434137e+000 
2.667506e-002 4.880878e-003 1.051894e-001 1.062533e-001 2.103789e-001 5.514047e-002 0 2.291772e-002 5.221294e+000 
1.156880e-001 2.532033e-002 2.267892e-001 2.188588e-001 4.535785e-001 1.243245e-001 0 6.428115e-002 1.087351e+001 
3.346141e-002 4.213029e-003 1.440098e-001 1.340067e-001 2.880197e-001 6.156099e-002 0 2.672200e-002 5.847868e+000 
2.208028e-002 2.596606e-003 9.141021e-002 1.093633e-001 1.828204e-001 4.867495e-002 0 1.253544e-002 4.750374e+000 
1.371336e-001 3.445116e-002 2.440120e-001 2.283014e-001 4.880240e-001 1.397911e-001 0 5.355168e-002 1.183852e+001 
3.119962e-002 7.023378e-003 1.356473e-001 1.373211e-001 2.712947e-001 6.665101e-002 0 1.924678e-002 5.646770e+000 
1.435793e-002 1.534906e-003 9.720837e-002 1.017098e-001 1.944167e-001 3.901868e-002 0 2.876135e-002 3.830640e+000 
3.764013e-002 6.454166e-003 1.304054e-001 1.280428e-001 2.608109e-001 6.579140e-002 0 2.641793e-002 6.202275e+000 
1.340600e-002 1.655212e-003 9.525341e-002 9.523427e-002 1.905068e-001 3.917271e-002 0 3.475108e-002 3.701477e+000 
8.582352e-002 1.919353e-002 1.937042e-001 1.808248e-001 3.874085e-001 1.045843e-001 0 4.174469e-002 9.365449e+000 
1.864337e-002 2.319304e-003 1.023847e-001 1.108582e-001 2.047694e-001 4.516093e-002 0 1.799801e-002 4.365034e+000 
2.496971e-002 2.431750e-003 1.188695e-001 1.329556e-001 2.377389e-001 5.141025e-002 0 1.993981e-002 5.051637e+000 
6.709243e-002 1.168446e-002 1.628426e-001 1.548102e-001 3.256853e-001 8.642037e-002 0 4.454032e-002 8.280607e+000 
9.407645e-002 1.614658e-002 2.229315e-001 1.870337e-001 4.458630e-001 1.106706e-001 0 6.770062e-002 9.805413e+000 
9.245856e-004 1.085305e-004 1.993199e-002 3.223726e-002 3.986398e-002 1.204213e-002 0 1.518288e-002 9.720733e-001 
9.621587e-003 1.255924e-003 8.686724e-002 8.506442e-002 1.737345e-001 3.722372e-002 0 3.994094e-002 3.135803e+000 
1.138099e-002 1.331759e-003 9.704828e-002 1.010169e-001 1.940966e-001 4.083670e-002 0 3.162574e-002 3.410479e+000 
9.043553e-002 1.519406e-002 2.176919e-001 1.900164e-001 4.353838e-001 1.081405e-001 0 4.795805e-002 9.613798e+000 
3.269466e-002 4.925378e-003 1.390979e-001 1.319695e-001 2.781958e-001 6.703359e-002 0 5.084350e-002 5.780480e+000 
6.452785e-002 1.212818e-002 1.822077e-001 1.656415e-001 3.644154e-001 9.160330e-002 0 8.240297e-002 8.120804e+000 
2.547073e-001 3.417320e-002 3.273642e-001 2.787117e-001 6.547285e-001 1.796442e-001 0 9.405892e-002 1.613415e+001 
2.494449e-001 3.123144e-002 3.350247e-001 2.911496e-001 6.700494e-001 1.760578e-001 0 1.167279e-001 1.596661e+001 
3.349208e-002 6.519125e-003 1.478024e-001 1.309603e-001 2.956047e-001 6.927981e-002 0 6.812697e-002 5.850547e+000 
5.316362e-002 1.142419e-002 1.562019e-001 1.447847e-001 3.124037e-001 8.598572e-002 0 5.273717e-002 7.371107e+000 
5.789519e-002 1.128376e-002 1.673926e-001 1.467929e-001 3.347852e-001 8.790598e-002 0 7.954088e-002 7.692131e+000 
1.210390e-002 1.211660e-003 9.057644e-002 8.944271e-002 1.811529e-001 4.076525e-002 0 4.307514e-002 3.517127e+000 
5.429600e-003 6.010882e-004 6.715534e-002 7.716627e-002 1.343107e-001 2.751151e-002 0 1.773143e-002 2.355642e+000 
2.643989e-003 3.398255e-004 4.585278e-002 5.883403e-002 9.170557e-002 1.947583e-002 0 1.665017e-002 1.643824e+000 
2.028704e-001 3.064311e-002 2.872157e-001 2.472341e-001 5.744314e-001 1.582024e-001 0 8.780923e-002 1.439908e+001 
2.106517e-001 2.673462e-002 3.091146e-001 2.726107e-001 6.182291e-001 1.612700e-001 0 1.003878e-001 1.467263e+001 
1.810371e-002 5.216998e-003 1.180765e-001 1.169182e-001 2.361530e-001 5.626186e-002 0 7.294932e-002 4.301394e+000 
2.895801e-002 4.156098e-003 1.305746e-001 1.272949e-001 2.611493e-001 6.916556e-002 0 3.772096e-002 5.440137e+000 
5.210250e-002 7.756063e-003 1.459515e-001 1.441424e-001 2.919031e-001 8.339302e-002 0 4.538229e-002 7.297174e+000 
1.211314e-002 1.145941e-003 9.598011e-002 9.864268e-002 1.919602e-001 4.019606e-002 0 3.835489e-002 3.518470e+000 
8.348067e-002 1.693128e-002 2.165804e-001 1.895494e-001 4.331608e-001 1.057755e-001 0 6.362640e-002 9.236733e+000 
2.419933e-002 3.388608e-003 1.304752e-001 1.227832e-001 2.609505e-001 5.755613e-002 0 7.061229e-002 4.973100e+000 
4.880870e-002 9.153256e-003 1.760912e-001 1.598832e-001 3.521825e-001 8.298078e-002 0 4.693221e-002 7.062754e+000 
6.209738e-002 7.151991e-003 1.716431e-001 1.628246e-001 3.432862e-001 8.984283e-002 0 6.324382e-002 7.966399e+000 
2.424711e-001 3.870941e-002 3.119768e-001 2.627421e-001 6.239536e-001 1.717250e-001 0 9.302581e-002 1.574184e+001 
2.520842e-001 3.441990e-002 3.464646e-001 2.977809e-001 6.929293e-001 1.746538e-001 0 1.111876e-001 1.605086e+001 
2.465309e-002 3.606260e-003 1.080432e-001 1.107816e-001 2.160865e-001 5.840521e-002 0 2.089054e-002 5.019507e+000 
9.759747e-003 1.285204e-003 1.038277e-001 1.125858e-001 2.076555e-001 3.911174e-002 0 1.921407e-002 3.158237e+000 
1.714238e-002 4.321712e-003 1.057483e-001 1.098469e-001 2.114967e-001 5.153582e-002 0 5.014644e-002 4.185631e+000 
6.381329e-002 1.000785e-002 1.780424e-001 1.778578e-001 3.560848e-001 9.148755e-002 0 6.931359e-002 8.075716e+000 
5.976081e-002 9.811576e-003 1.879794e-001 1.812567e-001 3.759588e-001 8.837483e-002 0 5.247829e-002 7.815085e+000 
1.600316e-002 2.432129e-003 1.261089e-001 1.160546e-001 2.522179e-001 4.980603e-002 0 4.496967e-002 4.044161e+000 
1.759280e-001 2.456864e-002 2.815785e-001 2.566358e-001 5.631569e-001 1.478231e-001 0 7.381690e-002 1.340889e+001 
3.507340e-001 5.232981e-002 3.697876e-001 3.154154e-001 7.395753e-001 2.141354e-001 0 1.115688e-001 1.893278e+001 
7.103868e-002 1.403348e-002 1.935225e-001 1.736973e-001 3.870451e-001 9.812845e-002 0 7.430454e-002 8.520653e+000 
5.410325e-002 6.332608e-003 1.585635e-001 1.534125e-001 3.171271e-001 8.444936e-002 0 5.104701e-002 7.435961e+000 
1.053889e-001 2.682541e-002 2.520888e-001 2.060002e-001 5.041775e-001 1.209372e-001 0 1.058745e-001 1.037822e+001 
3.774174e-002 5.014947e-003 1.306204e-001 1.465831e-001 2.612408e-001 7.054412e-002 0 8.093404e-002 6.210641e+000 
5.457795e-002 9.933267e-003 1.574992e-001 1.447885e-001 3.149984e-001 8.576536e-002 0 5.143492e-002 7.468511e+000 
1.288160e-002 1.284333e-003 9.134286e-002 9.150365e-002 1.826857e-001 4.218440e-002 0 4.759555e-002 3.628360e+000 
3.580407e-003 6.715579e-004 5.278453e-002 5.894942e-002 1.055691e-001 2.276855e-002 0 2.337401e-002 1.912897e+000 
7.119853e-002 6.755072e-003 2.073645e-001 1.933735e-001 4.147291e-001 9.594460e-002 0 7.861771e-002 8.530235e+000 
7.497471e-002 8.676731e-003 2.162447e-001 1.872451e-001 4.324895e-001 9.869526e-002 0 6.429945e-002 8.753522e+000 
9.100863e-003 1.160805e-003 9.752212e-002 1.031086e-001 1.950442e-001 3.695603e-002 0 1.989951e-002 3.049768e+000 
1.266204e-001 1.112142e-002 2.344412e-001 2.192015e-001 4.688824e-001 1.295733e-001 0 9.021109e-002 1.137568e+001 
3.670243e-002 4.008338e-003 1.480149e-001 1.476862e-001 2.960298e-001 6.952183e-002 0 7.841470e-002 6.124531e+000 
1.588441e-001 2.122018e-002 2.769186e-001 2.344950e-001 5.538372e-001 1.405720e-001 0 8.041778e-002 1.274122e+001 
1.364236e-001 1.679383e-002 2.571610e-001 2.217546e-001 5.143220e-001 1.308641e-001 0 1.226702e-001 1.180783e+001 
7.867027e-002 1.573886e-002 1.932484e-001 1.638489e-001 3.864968e-001 1.027204e-001 0 7.310823e-002 8.966662e+000 
1.200186e-001 1.653762e-002 2.064396e-001 1.867711e-001 4.128792e-001 1.231049e-001 0 6.264085e-002 1.107515e+001 
1.281309e-002 1.429772e-003 9.444227e-002 9.816533e-002 1.888845e-001 4.131309e-002 0 4.026139e-002 3.618698e+000 
1.320225e-001 2.142687e-002 2.550720e-001 2.166805e-001 5.101440e-001 1.286320e-001 0 8.859659e-002 1.161581e+001 
1.094334e-002 1.562140e-003 1.123229e-001 1.207165e-001 2.246459e-001 4.233562e-002 0 2.942030e-002 3.344263e+000 
1.299724e-002 1.118977e-003 1.004927e-001 1.036877e-001 2.009854e-001 4.161228e-002 0 4.214802e-002 3.644610e+000 
2.076944e-002 1.807536e-003 1.330471e-001 1.379517e-001 2.660942e-001 5.716494e-002 0 3.878633e-002 4.607208e+000 
1.222074e-002 1.523924e-003 1.065296e-001 1.093863e-001 2.130592e-001 4.280253e-002 0 3.361591e-002 3.534062e+000 
9.631664e-003 9.982187e-004 8.980567e-002 8.931783e-002 1.796113e-001 3.660209e-002 0 2.631530e-002 3.137445e+000 
1.203807e-001 2.504861e-002 2.411559e-001 2.049928e-001 4.823118e-001 1.247912e-001 0 5.170939e-002 1.109185e+001 
2.322296e-001 4.912962e-002 3.071733e-001 2.656815e-001 6.143465e-001 1.725623e-001 0 7.991322e-002 1.540580e+001 
3.959617e-002 5.074329e-003 1.629057e-001 1.481706e-001 3.258113e-001 7.274481e-002 0 6.052910e-002 6.361390e+000 
4.159883e-002 5.738306e-003 1.726612e-001 1.753201e-001 3.453223e-001 7.399185e-002 0 3.303940e-002 6.520276e+000 
1.764009e-002 2.577254e-003 1.160572e-001 1.124383e-001 2.321144e-001 4.958368e-002 0 3.354822e-002 4.245960e+000 
1.183866e-001 1.866403e-002 2.539225e-001 2.162856e-001 5.078449e-001 1.225541e-001 0 6.234029e-002 1.099960e+001 
9.212487e-003 9.118915e-004 8.994781e-002 8.917656e-002 1.798956e-001 3.573368e-002 0 4.065391e-002 3.068413e+000 
7.827154e-002 1.572874e-002 1.888772e-001 1.672944e-001 3.777544e-001 1.023718e-001 0 3.988058e-002 8.943910e+000 
3.499589e-002 5.278644e-003 1.615197e-001 1.493145e-001 3.230394e-001 6.808682e-002 0 5.395626e-002 5.980452e+000 
3.932045e-001 5.394603e-002 4.598564e-001 3.882402e-001 9.197128e-001 2.165462e-001 0 1.357596e-001 2.004632e+001 
3.276609e-001 5.520982e-002 4.272173e-001 4.164764e-001 8.544345e-001 2.493630e-001 0 1.229042e-001 1.829944e+001 
3.512249e-002 5.078310e-003 1.439569e-001 1.424272e-001 2.879138e-001 6.850088e-002 0 6.248089e-002 5.991259e+000 
3.115569e-002 4.145124e-003 1.447791e-001 1.466159e-001 2.895582e-001 6.446814e-002 0 4.963395e-002 5.642793e+000 
3.484838e-002 4.832343e-003 1.692104e-001 1.663328e-001 3.384208e-001 6.815620e-002 0 5.202832e-002 5.967834e+000 
3.841574e-002 3.776533e-003 1.410628e-001 1.358356e-001 2.821257e-001 7.108548e-002 0 7.521187e-002 6.265851e+000 
7.956185e-002 1.478607e-002 1.952319e-001 1.770856e-001 3.904638e-001 1.018223e-001 0 6.431029e-002 9.017329e+000 
1.615268e-001 2.643757e-002 2.564852e-001 2.166810e-001 5.129703e-001 1.411707e-001 0 8.286890e-002 1.284836e+001 
9.191293e-003 1.158890e-003 8.302604e-002 8.366920e-002 1.660521e-001 3.585354e-002 0 3.557809e-002 3.064882e+000 
3.068777e-001 4.209378e-002 3.917972e-001 3.376230e-001 7.835944e-001 1.934555e-001 0 9.905154e-002 1.770957e+001 
2.581486e-002 4.469858e-003 1.436866e-001 1.412497e-001 2.873732e-001 5.845159e-002 0 5.244221e-002 5.136418e+000 
4.632626e-002 1.218178e-002 2.070382e-001 2.028302e-001 4.140765e-001 9.846049e-002 0 4.536300e-002 6.880802e+000 
8.413327e-003 1.251141e-003 9.510461e-002 1.029607e-001 1.902092e-001 3.614070e-002 0 1.773158e-002 2.932306e+000 
1.592189e-002 2.002126e-003 1.165379e-001 1.225717e-001 2.330759e-001 4.606403e-002 0 4.418125e-002 4.033878e+000 
1.259138e-002 1.017760e-003 9.945614e-002 1.023058e-001 1.989123e-001 4.095554e-002 0 3.981179e-002 3.587254e+000 
4.037976e-001 1.041621e-001 4.626068e-001 4.069722e-001 9.252135e-001 2.635418e-001 0 1.602904e-001 2.031456e+001 
1.018666e-001 1.902553e-002 2.472662e-001 2.261947e-001 4.945324e-001 1.140168e-001 0 7.181286e-002 1.020332e+001 
2.407062e-001 3.366507e-002 3.344278e-001 2.886768e-001 6.688557e-001 1.702322e-001 0 1.007596e-001 1.568444e+001 
9.875152e-003 2.184617e-003 9.867960e-002 1.062392e-001 1.973592e-001 3.991873e-002 0 1.859780e-002 3.176855e+000 
2.537799e-002 4.453756e-003 1.199872e-001 1.128425e-001 2.399745e-001 6.013962e-002 0 7.818639e-002 5.092770e+000 
3.610975e-002 4.275065e-003 1.350307e-001 1.336916e-001 2.700614e-001 6.984967e-002 0 4.534975e-002 6.074880e+000 
5.220316e-002 9.672632e-003 1.892859e-001 1.693716e-001 3.785717e-001 8.550165e-002 0 4.204080e-002 7.304220e+000 
7.030997e-002 1.051138e-002 2.166519e-001 2.091885e-001 4.333037e-001 9.536407e-002 0 5.446855e-002 8.476838e+000 
1.567677e-001 3.001033e-002 2.630625e-001 2.171807e-001 5.261251e-001 1.394622e-001 0 7.489787e-002 1.265767e+001 
4.069999e-002 4.948967e-003 1.474717e-001 1.428963e-001 2.949434e-001 7.390324e-002 0 5.045611e-002 6.449448e+000 
1.073534e-002 1.592169e-003 9.985292e-002 1.055823e-001 1.997058e-001 4.089668e-002 0 2.550635e-002 3.312328e+000 
2.973866e-002 2.886589e-003 1.254000e-001 1.295522e-001 2.508000e-001 6.306147e-002 0 4.157959e-002 5.512976e+000 
3.443420e-002 3.664729e-003 1.245606e-001 1.409383e-001 2.491213e-001 6.735588e-002 0 6.622928e-002 5.932264e+000 
5.786052e-002 5.997004e-003 1.336911e-001 1.528072e-001 2.673821e-001 8.718163e-002 0 7.844763e-002 7.689828e+000 
1.597567e-001 2.571626e-002 2.556143e-001 2.166147e-001 5.112286e-001 1.404960e-001 0 7.616447e-002 1.277777e+001 
4.892835e-002 8.106288e-003 1.591687e-001 1.455234e-001 3.183374e-001 8.177489e-002 0 4.451848e-002 7.071405e+000 
2.451895e-002 5.862099e-003 1.271443e-001 1.141579e-001 2.542887e-001 6.112043e-002 0 6.054089e-002 5.005834e+000 
3.901685e-002 1.113610e-002 1.762802e-001 1.894553e-001 3.525604e-001 9.313863e-002 0 4.304701e-002 6.314683e+000 
3.237050e-004 4.511866e-005 1.224175e-002 2.297566e-002 2.448349e-002 8.139115e-003 0 8.849552e-003 5.751752e-001 
1.097103e-001 2.884963e-002 2.369782e-001 2.352649e-001 4.739564e-001 1.344049e-001 0 1.274122e-001 1.058886e+001 
3.622880e-001 9.337483e-002 3.688897e-001 3.352365e-001 7.377793e-001 2.482077e-001 0 1.387115e-001 1.924210e+001 
7.074235e-003 7.312413e-004 8.102320e-002 1.136269e-001 1.620464e-001 3.658563e-002 0 2.401727e-002 2.688841e+000 
6.842376e-003 2.942403e-003 9.649539e-002 1.134793e-001 1.929908e-001 4.392976e-002 0 2.896110e-002 2.644411e+000 
1.217449e-001 3.061906e-002 2.418603e-001 2.386655e-001 4.837206e-001 1.403715e-001 0 1.204190e-001 1.115452e+001 
8.670247e-003 4.374011e-003 9.980953e-002 1.302590e-001 1.996191e-001 4.992018e-002 0 4.163814e-002 2.976742e+000 
9.241354e-003 2.579801e-003 1.038071e-001 1.370944e-001 2.076143e-001 4.721579e-002 0 3.647756e-002 3.073217e+000 
3.764250e-002 5.730151e-003 1.453824e-001 1.667621e-001 2.907649e-001 8.005027e-002 0 5.055223e-002 6.202470e+000 
3.991696e-003 2.028313e-003 7.697095e-002 9.653071e-002 1.539419e-001 3.385920e-002 0 3.423913e-002 2.019780e+000 
1.061033e-001 3.406509e-002 2.345064e-001 2.335577e-001 4.690128e-001 1.347498e-001 0 8.354043e-002 1.041334e+001 
4.123663e-002 5.980051e-003 1.712194e-001 1.707103e-001 3.424389e-001 8.338103e-002 0 5.232921e-002 6.491828e+000 
4.324313e-003 1.962538e-003 8.687311e-002 1.023167e-001 1.737462e-001 3.556261e-002 0 3.346015e-002 2.102248e+000 
1.252478e-002 1.803255e-003 1.207013e-001 1.480267e-001 2.414027e-001 5.034075e-002 0 4.688398e-002 3.577754e+000 
7.881515e-002 1.512290e-002 2.501196e-001 2.994799e-001 5.002391e-001 1.350294e-001 0 6.765811e-002 8.974914e+000 
3.353920e-002 3.630856e-003 1.593964e-001 1.773288e-001 3.187927e-001 7.532843e-002 0 3.542474e-002 5.854661e+000 
1.519774e-004 5.728069e-005 1.290384e-002 1.897803e-002 2.580768e-002 7.588488e-003 0 1.041821e-002 3.941078e-001 
3.727366e-003 8.920697e-004 6.350032e-002 6.463134e-002 1.270006e-001 2.962941e-002 0 1.514339e-002 1.951760e+000 
3.701822e-003 7.120592e-004 6.335047e-002 7.145882e-002 1.267009e-001 2.958593e-002 0 1.033597e-002 1.945061e+000 
2.544802e-003 3.237399e-004 5.137727e-002 6.241500e-002 1.027545e-001 2.444916e-002 0 1.548342e-002 1.612696e+000 
1.462549e-002 4.045609e-003 8.387123e-002 8.847440e-002 1.677425e-001 5.885569e-002 0 3.775592e-002 3.866168e+000 
1.139923e-001 3.173711e-002 2.979668e-001 2.639414e-001 5.959337e-001 1.642819e-001 0 6.518594e-002 1.079352e+001 
5.994280e-003 2.093171e-003 7.042584e-002 7.018880e-002 1.408517e-001 3.829427e-002 0 1.367210e-002 2.475107e+000 
4.179161e-003 9.211394e-004 6.093031e-002 7.700414e-002 1.218606e-001 3.192654e-002 0 1.479228e-002 2.066665e+000 
3.293527e-003 7.569913e-004 6.263428e-002 6.588850e-002 1.252686e-001 2.783439e-002 0 1.476544e-002 1.834662e+000 
4.564327e-001 1.226868e-001 5.153123e-001 5.182565e-001 1.030625e+000 2.886688e-001 0 1.591155e-001 2.159802e+001 
3.683355e-002 1.402520e-002 1.136218e-001 9.725172e-002 2.272436e-001 9.288162e-002 0 4.233877e-002 6.135461e+000 
